1
5
7
16
21
26
29
30
32
34
39
46
50
51
67
72
74
87
89
104
105
106
107
109
119
124
128
140
142
143
154
155
177
179
183
186
187
189
191
195
204
211
212
229
237
238
239
242
250
252
257
266
267
269
272
277
283
284
290
296
303
308
309
310
316
317
319
325
327
334
340
351
359
362
363
376
392
395
409
412
417
423
429
439
440
447
466
468
472
479
485
488
493
502
506
513
514
518
523
531
540
541
542
546
549
550
551
552
555
566
568
572
573
581
582
593
597
603
611
625
631
643
648
652
657
665
667
669
671
673
686
692
700
717
725
727
732
742
745
749
757
758
763
770
778
781
784
790
793
796
807
824
825
828
844
846
859
861
863
868
870
871
875
876
895
898
904
915
918
922
924
943
948
949
950
959
962
977
978
980
987
1000